134000
546
15
94
421
1
732
9781
32
1
589
7
5344
3187
559
84
183
2
536
107
3
1042
7431
1927
46
2
62
8
201
11732
7
28
161
3707
143
11
57
17
14
100
6
9
5
10
4327
1
2187
1488
3899
105
3
41
9
4
247
3
7
29
1979
7
2
5
987
797
6
3
6
19
90
4
1030
57503
41
247
29
934
4008
3
3
5
7
15
3
100
908
3
73
4
5
265
85
84
3632
230
1100
3
3
8
96
2
3
118
2
74
18
38
3
259
35477
827
1
30
1
73
7
3
1053
3738
2023
55
253
29
966
79
97829
2718
150
4
24
9
24
47
14
232
49
60
7
94
101
2424
4
117
10
3
215
15
85
3
598
13
2
4
11
10
7604
8978
405
361
3896
4
5578
2804
38
5
3
2788
20
5
12
63
1109
3
485
2
5
19
3
4264
44
3
205
3563
66
8802
1577
328
3
9
11605
107
205
114
20
1137
5
8
3
124
415
20
6
1316
12
153
18
9
849
3
3
12
1217
1458
94
35
82
2514
475
82
13597
17
11
10
11
8812
2
7
5
913
2434
75
45
833
2
244
15
9831
65
15
4536
110
128
55
6
46
64
8
12
5
1
3
5
294
28
54
7
372
27
7
3
108
75
44
24627
4
117
11541
721
28
2
18
3169
4
3
1416
3
15300
31
3
9
2718
5
1529
3
3
619
47
532
138
337
62
43500
7657
916
19
7
2
1036
95
88
94263
94
2994
3
5
19
26
2719
11510
7
11271
32
360
469
9778
7317
105
97
75
24438
9478
3
54
8
3
4
7
47
215
18
85
3
923
265
10
112
434
114
10
5078
5579
54
1
52
50
3
986
14
1996
38
14
8782
27
7326
28
131
1596
7
27978
75
11
1
8
12
63
10270
3
8562
2
94
2719
94
5
454
592
50624
940
1
3
5
57
28531
127
305
15
3
238656
25
935
1
187
27
47
275967
7153
110
2718
4
52
2160
10
102
150
228410
2
2
162
24
21949
15
56
4489
15
11
233669
2
101
2188
2790
13
3
18
258
298
130
19
1
3
50968
3
51928
320
10128
2
1
2718
3526
128
1
2101
639
1
7
1253
41
1048
54
56626
493
3
2
2648
1367
5360
611
177
3
6
622
12036
4
6
43
44
8
3
124
18
886
20
2350
594
6
16
3
75
16
4044
10
29
7
3
20
31
6501
491
29450
11
94
3
15
59
331
3
93
36
154
625
83
113
171
506
676
3
10
269
3
27
2545
739
121
11
267
3
4922
5
6
1942
6
27
3
21
15
12250
579
153
3
1448
3
923
13923
3
1
12
265
1185
3
73
8
3
1470
2489
1447
32
94
3
3
99
6008
1
10163
7895
1745
14572
4
1
1372
29248
47
63
1
3
281
602
3
3
1
31
3
42
536
5
51
69
9108
1874
23
3
13
76
743
21778
179
3
133
499
593
4
103
3
33
2
10
29
13067
30
7
58
10
1862
529
71
3
1
16
94
587
11
25
87
7
40
20110
3
10
300
1025
19
33
105
399
1
1
35
217
5924
8
43
94
2
4561
13844
151
41
15
43971
231
75
64
3
19270
61
8
200
5009
86
1193
3
6
3
482
94
5
5
99
2552
7050
3
51
2554
239
2718
4
11
10273
352
14
859
1
12
4
14
1177
141
3
565
48
24
1
3
3
22
3
7
66
4415
3
179
25011
102
67
46066
16205
41
55
4865
4232
107
3
16
198
12
595
7
319
499
97
2
21034
179
13
16
9893
13357
3
971
33930
18
24
12
29
6
104
86
310
3932
146
54670
318
86
3594
18
388
8
10
3
378
88
5
12474
2939
35
5
22341
83315
1
341
114
7
333705
6569
598
8544
1
4
18845
5
159
3
221
29
1
732
1361
125
5
1806
2719
3
13
7
3
2
1030
1018
5
3
157
1184
69
3
764
3
1134
1030
597
232
1107
27
1119
3
1
906
6
22382
32
1
44
637
23
3656
41
5
2347
24
3374
16
3
246
5
1418
2623
301
253
54
29
317
905
448
23
6
620
3
46
973
19
1544
9401
55
3
9284
16
1
152
345
27939
1
11
3144
100
30
119
2710
16
21
3
1955
19
702
1
272
4200
5
175
142
3900
44
27
4414
4
10
3
3
72
10
6842
3
2
742
3
16
289
14010
5
26382
591
32
47
27
169
187
530
218758
2692
24
597
13
27
18
18
349
10
14615
100
2249
66
13
2720
22
10
16
2718
50
40
29
87
13
221
5
3
1030
91
2
231
11724
11
526
235
75
3
1389
1672
1460
3
27
35
18
4078
3
861
29
51
22673
893
3
3
19
2
3
25
94
4
1
3
18
145
109
73
3
1
291
127
8329
1195
55
7
161
19
16
12
11
551
2
11
15
143
77
7
3
31
97259
19
7790
2
1136
1
104
163
76001
112
3
40
31
10
5
2
133
1833
1
11
222
4
51
15434
10
200
31
1
3
8
1
93079
6
844
51
20
14558
14
677
18
425
116
19363
35975
12
4
10
2
6
11
1367
44
7308
2
12
10
408
144
3
8550
16
78
2719
164
1926
3
501
708
58
10
6590
31
859
3978
140
26
78
25
3
114
3
3
6
17
1214
6
75
71249
42
44
9
31
399
5
15
5
54
2247
5961
6
3
829
7
2
5
7
45
453
814
10
7464
30
4
5575
4
2
5
80
8
3
6
22
3
125
34
3345
254
7
1
493
720
33
12
3
41
10032
2779
2718
463
41
16604
343
258
26
49
44
92
114365
4
5
69
3
58
323
523
1162
56
47954
49
598
12902
5
3
35047
19
3
336
523
9846
6
4653
4416
132
24
65
3
125
47
19
34
62
18
178
91
1040
900
214
2796
3
209
7
183
7
7
5
1
71
8352
3377
5
4810
58
64
160
54
3
11
39
36
3
6059
85
12351
12
2
26
5
3561
375
27
10
234142
9
168337
479
1
2
717
10
10
221
402
199
314
43756
3
31
12
3
4362
6059
4
4
21740
163
4734
5
2075
3901
2643
1
20104
2089
3
653
19
42
1
3401
12091
1
11
2
1082
16
32
24
28360
172
37
30
221
4971
2536
5
3
3424
230
2719
65
1467
13
178
7143
7
2
6
949
522
2594
78
336
2
3
22
20166
47
65
94
38
6
131
15
917
1621
19389
27662
7440
3
1464
47
1
5
3
11
3
2
1788
81
100
3
819
218
1525
668
3
3
8312
49
330
104
3
3237
1
4
3
832
75
5514
23
13
5
4
56
20
460
94
275
3
51
317
79
7
52
4
29265
20
99
658
6625
3994
152
50
39
12
1444
845
87
4
5064
253
14663
190
37
41
12
69
3687
226
1909
2
1042
712
9
8
924
722
5
8071
119360
25
62676
29954
273
3
2242
15458
15
75
2
195
8
94
6547
611
1933
7
4949
2
64
71
3657
595
1
927
1
1
3
2
8
1114
5
684
30
9550
22
41
2
32
330
658
459
14
1
12
731
4475
6303
491
6358
28
3
2
23
3
180
32
14
47
15
253
6988
18
5
1
47
2366
14615
553
671
32
16
1
3
244
12
2467
341
10898
4
161
9
3
68
5782
7
25
19
22
2718
3
83
63
1
1
9980
28232
6
169
67
50
8120
1
13
11
1526
86
16
19
88
118
3
2232
209
3
3
7
94
11
1
2718
26731
8
104
2321
20
4
1
12
413
22341
31025
115
188
94
1348
3
2523
61
3494
6
71
5
2000
7
4616
171
94
104
10
7
94
12
9
14
31
41
8
11
15
2240
16
269
240
16421
1448
563
983
381
115
56552
2449
1157
8
3
4
102245
27
13
29
124
1
1
10780
2719
104
44
96
10
6
3
32
3
3
19
19
5
15291
56703
5
5
1786
2898
15
1419
5
5
39
6612
15
1913
70
7
18
238510
3
240
138
1913
3
122
3
10
61
7129
334
71
10039
23479
358
44
207593
13
20468
10522
3
11
9
33676
5
38
1
45
26
4833
1231
105
24540
3831
14615
2039
3
50
3
153
104
1361
1
21245
34018
88320
138
2
54
52
3015
3
36
7
2718
1776
3
57
109
1376
448
1
13
3
904
3
3
6
34
3
82
3
1
39
85
35827
1495
221
3
6464
3
212
4
94
518
3
173
4
2
2
9
6702
2
11321
88
19859
5830
153
4
104
145
3
892
8
19965
235
93
360027
4
2718
39
49
782
1080
13
276
53
57
1
396
233
3
200
9578
38
13
17
4
37650
358
10
3212
118
7658
67918
539
439
25650
184
2
30
22
1
5
158
28
82
5
128
32
300
129
43
13694
2943
1
98632
361
83
330
28
7
12094
6530
608
11
4
5
4
179
11
233
316
402
870
25227
1534
13
1
356
1
3
34
2834
96
168008
7861
1
35434
25
78
7858
