0.45592705167173253
0.45592705167173253
0.42662116040955633
0.45592705167173253
0.5536723163841808
0.6755706653715395
0.7686433063791555
0.8549968704360525
0.9348747591522157
0.8655670103092784
0.08212091820239249
0.12821330241993914
0.0984472649958121
0.0998137468303301
0.09980702777902437
0.7684478371501272
0.2630638677981242
0.6898444647758463
0.6604850213980028
TO
0.9910494497538372
0.32715612122873966
0.8727242864255322
0.8398237755145164
0.8410298626392473
0.8398237755145164
0.8424836222389703
0.9992299244961473
0.8389405794036794
0.9957658893461363
0.9934001264975755
0.8398237755145164
0.8429897482905037
0.8373117340321342
0.9712107257978817
0.9068425997794026
0.1936859188150267
TO
0.9179924653912216
0.9061568770280114
TO
0.8836674125244669
0.9293783021620045
0.17069881260254163
0.9321191651651166
0.8209866154077828
0.7675152950463785
0.9110547323708545
0.7107371519686004
0.8860853557615984
0.7231833910034602
0.6153846153846153