0.46017699115044247
0.46017699115044247
0.4544095665171898
0.46017699115044247
0.5543478260869565
0.9481678374786405
0.9467680608365019
0.9467680608365019
0.9521286660359507
0.9467680608365019
0.19886544134331746
0.13150890997454293
0.0984472649958121
0.10240666875812306
0.10239978489323086
0.4165418040155829
0.30248799650807506
0.654265554842848
0.8225214198286414
0.3109663409337676
0.9910494497538372
0.4047790245851036
0.9921113135420156
0.9921945623494322
0.9933816721819398
0.9921945623494322
0.994202234841546
0.9992299244961473
0.9915096635549209
0.9957658893461363
0.9934001264975755
0.9921945623494322
0.9945843995916556
0.9158527979154433
0.9712107257978817
0.924306856274669
0.8215438251463817
0.8406242276594993
0.9353251488215271
0.9236651790077206
0.8428190696614241
0.9165861301771255
0.9373341268437052
0.8637262357414449
0.9400315960833688
0.8364636740957762
0.8261173838041196
0.9286112048256436
0.8890919347534186
0.9042040258645392
0.7801652892561984
0.8597285067873303