95608	300000
4492	3493
259	1159
1794	527
824	1497
135	890
1551	1103
45811	135940
550	456
178	108
1617	3735
230	184
300000	300000
6398	29301
300000	300000
35099	300000
13227	11447
288	422
6175	973
124	167
1020	4145
1356	545
107	136
3144	2499
84806	273081
10753	268915
1762	637
128	90
848	531
283	161
1491	2302
39025	300000
180	368
300000	300000
300000	300000
300000	300000
302	457
921	3247
9859	28430
636	352
329	223
998	2611
650	3865
182	284
1144	1040
137	117
547	220
163	455
163	152
9558	204579
136	105
125425	24115
23927	201948
8806	7521
1219	454
98	136
588	5397
508	577
403	206
2811	6340
181	156
300000	300000
326	114
287	490
6092	11379
238	204
162	167
152	385
3945	22326
14336	300000
513	719
108	133
157	227
1897	2676
960	422
300000	300000
119	102
300000	300000
1970	889
187421	300000
365	431
3571	3554
300000	300000
462	142
3966	1138
22598	300000
300000	300000
183	175
118	152
172	166
194	152
300000	252780
343	305
101	152
1304	670
5780	4182
230	444
1736	468
300000	300000
300000	300000
399	179
300000	300000
294	159
3422	2392
647	129
814	267
300000	300000
13175	24515
1632	1432
300000	300000
6425	134985
101	134
107	220
300000	300000
175	147
738	376
97	105
230	208
2629	1273
116	127
300000	300000
271	2527
736	1324
555	1062
257	193
1407	3708
300000	300000
53346	300000
33059	143291
89	133
291	428
101	106
300000	300000
1424	1119
258	301
137	180
23915	300000
300000	300000
5966	1300
12248	81477
458	178
3486	5635
300000	300000
2048	2313
3787	20245
1096	1173
65905	63226
300000	300000
300000	278777
2226	878
2403	3301
300000	300000
211	219
512	1223
143	134
586	159
826	226
151	132
5603	1003
39787	1806
2636	950
393	311
300000	300000
1639	227
356	371
3092	684
178	617
3243	1126
222	224
126	185
1703	5138
281	445
300000	300000
571	127
224	153
5642	74411
258	264
109	387
121	383
199	431
178	172
25792	76755
112335	300000
3146	38935
566	1761
6827	3350
128	222
4605	1218
23545	22978
272	362
123	434
109	144
300000	267468
53686	136954
326	841
252	134
179	182
453	372
300000	300000
3630	811
300000	300000
176	139
2802	3526
300000	300000
151	343
336	271
1104	425
199	220
9485	125711
353	228
125	209
1132	903
5162	54746
1911	1027
25357	27458
5195	10473
917	2134
119	466
300000	300000
300000	300000
454	462
273455	28669
737	126
4638	4342
5639	3561
300000	300000
300000	300000
431	482
14235	300000
239	201
350	458
135	170
1686	2296
300000	300000
300000	300000
300000	300000
5122	25020
135	190
165	367
13731	7521
300000	300000
222	199
1602	5448
423	268
168	104
23378	72932
109	160
141	139
300000	67985
362	642
4393	1152
300000	300000
9909	3671
660	4139
4387	7051
246	1080
7933	98897
300000	192538
4726	6631
322	384
160891	300000
109	92
1136	522
458	332
300000	300000
497	990
192320	300000
155	540
122	215
123	112
8001	300000
11737	185052
300000	300000
1175	986
300000	300000
247	199
6826	19456
151	187
1300	660
382	306
71174	300000
397	219
289	375
51595	300000
322	451
2345	2382
1009	1281
162	149
301	656
483	721
170	260
313	668
300000	300000
228	169
102	83
300000	300000
146	144
179	153
300000	300000
2561	28775
362	2555
300000	300000
300000	300000
269	557
221	185
3610	1519
149	300
290	1215
124	144
374	723
1077	473
1308	2098
112918	237409
527	151
6088	4311
37080	300000
782	888
261	318
427	90
298	260
23221	259517
128	137
106	137
14177	70009
106	339
18095	14221
340	632
195	202
397	147
2783	874
134	119
300000	300000
4704	21570
106	143
126	356
5751	20295
1005	958
1349	704
843	955
2887	9246
1620	4094
224681	300000
6281	3842
4448	24670
307	141
165	614
300000	300000
205	156
5661	24672
300000	300000
1250	7373
1325	1202
24621	28263
386	251
12956	300000
108	185
174	247
300000	300000
259	339
300000	300000
206	211
4249	1035
13673	13646
170	139
300000	300000
300000	6964
60400	294972
589	305
300000	300000
7323	5270
2821	45915
89316	285440
227277	300000
300000	300000
2224	1894
593	377
300000	300000
466	1262
83936	207901
6483	31609
300000	300000
300000	300000
127	145
1570	1072
310	265
129	140
157	214
251	244
367	841
300000	300000
4892	24058
199	224
952	1745
117	146
11330	6609
300000	300000
2318	7813
376	1053
449	450
663	692
5364	48258
234	503
9594	300000
67431	300000
739	839
303	133
3849	1458
537	2159
131	158
3491	22790
497	444
11743	59548
370	1129
133	126
29366	119520
176	859
11630	50507
300000	300000
300000	300000
300000	300000
577	1032
1538	5340
41799	108912
155	141
212660	300000
290	489
496	340
300000	300000
95	113
303	118
325	399
1234	1899
142061	50142
162	363
37222	300000
114	422
588	643
2121	824
276	244
300000	300000
309	298
1683	990
3422	2178
192173	300000
300000	300000
3146	33789
123	77
120	109
107	113
300000	300000
300000	300000
578	222
91727	300000
1085	5673
4731	7117
224	360
300000	300000
300000	300000
300000	300000
114	198
300000	300000
300000	300000
104716	160460
300000	300000
300000	300000
198	426
3847	22317
227	158
800	1648
162	748
228	347
143525	86202
21662	284159
3315	6165
2199	1126
204	528
300000	300000
221	253
300000	300000
16215	124581
1257	300
300000	300000
284	351
681	2467
300000	300000
142294	300000
300000	300000
180	2034
135	186
300000	300000
1179	7063
309	268
43648	300000
289	313
428	215
10317	74769
330	153
115	271
300000	300000
87290	97215
144	67
839	3863
15214	45750
95321	204979
300000	2876
275	253
300000	300000
126	159
300000	300000
300000	300000
439	895
1699	2796
3063	1559
300000	300000
300000	248858
968	4052
771	590
146	115
167	217
61973	300000
300000	300000
130	144
202153	300000
2752	648
6251	6249
193	285
300000	300000
87	102
300000	300000
5283	1313
217623	300000
300000	300000
3372	8210
138	778
5127	40871
300000	300000
3766	300000
101	76
300000	300000
286	213
4108	2340
491	792
3364	6407
235	462
73053	300000
2464	3107
109	136
105	122
13883	300000
1297	3396
13060	62747
751	1413
300000	300000
612	572
213	200
395	127
3836	3270
111886	125485
300000	300000
111	112
190	129
300000	300000
266	1422
300000	300000
436	430
300000	300000
189	434
268	152
4939	7560
232	167
13127	68773
300000	300000
300000	300000
247	137
8027	37858
4362	43515
300000	27643
300000	300000
131	113
197	1073
259	171
364	337
274	319
44432	300000
196	393
762	148
198	352
191	173
208	334
223	409
300000	300000
16526	55048
817	883
50115	300000
705	140
554	1535
266	179
300000	300000
532	311
2434	18547
6315	67675
174	136
1773	1970
149	179
823	3061
1183	3425
393	453
1209	4518
4472	23311
882	1616
2450	7272
155	401
300000	300000
146	285
300000	300000
3000	4158
98	260
1256	2310
300000	300000
180370	137054
6628	11222
363	494
300000	300000
247	176
19099	3714
133	131
7329	24033
300000	300000
300000	300000
135	188
268	601
300000	300000
7634	300000
142	100
1873	10518
240	207
208	125
228	251
79244	198914
8391	40810
1843	774
111	334
12774	17493
145	366
5810	129272
52155	300000
105	147
300000	300000
137	557
437	251
4968	1005
7610	266038
242	110
4230	438
139	194
106	143
3126	5324
4732	27370
6025	6049
249	249
551	264
168	161
300000	300000
115	152
300000	300000
689	828
10213	2943
145	134
176711	161093
35978	300000
24575	211769
120064	300000
303	261
207	456
300000	300000
4368	79354
63091	123001
854	1653
1216	4265
125	68
147	143
1005	4547
2778	207610
103	153
113	130
100	115
342	151
114	174
1263	459
9773	5041
113	99
564	4908
4841	23472
23048	300000
4218	6531
280	168
300000	300000
141	128
1016	530
495	286
2821	3564
234808	300000
1489	380
325	152
875	328
3019	905
300000	300000
1382	6254
137	197
1646	893
300000	300000
300000	300000
300000	71765
192	119
346	166
122	349
414	205
418	723
46300	300000
148	138
355	130
337	294
300000	300000
300000	300000
120	80
300000	300000
300000	300000
8918	127221
2125	51170
5134	1082
300000	300000
243	303
121	368
575	185
277	213
300000	300000
9714	43987
1015	730
151	248
300000	300000
300000	300000
300000	300000
2769	2390
152	175
239	738
9848	127350
266	219
205	207
881	2442
7724	14605
523	738
300000	300000
300000	300000
267	280
775	329
300000	300000
3088	5460
110	188
176	107
421	317
2154	5335
20577	157903
157	344
1716	1347
1155	281
300000	300000
166	241
14174	7347
10544	300000
24038	2301
395	533
182	314
300000	300000
46922	300000
1759	9451
552	467
549	1265
111	133
49263	300000
805	2303
186	142
1681	3642
91085	216342
540	1425
3802	6533
180	157
298	205
300000	300000
300000	300000
137	132
4517	2688
397	221
184	136
167	374
1056	1267
300000	300000
17279	144617
223432	300000
166	134
355	217
17559	249088
775	1814
4107	973
124	143
829	213
13871	2474
8123	17806
320	1007
300000	300000
5076	44973
97	117
237	202
162	120
194	407
7307	46532
4468	300000
93	183
1913	272665
300000	300000
570	1525
346	226
96	92
175	189
158	216
974	744
187	132
189	137
940	1160
3280	22424
107	150
558	482
34907	30722
924	4943
1027	26881
300000	300000
33369	87390
9108	6788
716	3233
497	578
27532	126171
18718	63276
300000	300000
581	118
105	138
291	656
37421	5845
446	410
3236	300000
300000	300000
210	321
300000	300000
2433	3749
1419	2131
2875	3031
122	113
300000	300000
24383	300000
484	844
200	137
169	546
21257	62843
168386	300000
126	150
901	742
89816	300000
286	418
271	573
300000	300000
176	395
479	675
300000	300000
821	356
1707	153
895	916
2009	19092
18802	300000
1380	8031
253017	300000
787	6556
300000	109624
368	2142
7747	33504
1218	613
300000	300000
4050	3356
300000	300000
205	184
179	281
108	138
589	1001
1943	445
323	178
300000	300000
27877	300000
9619	188379
162	141
234	140
7837	2842
60844	300000
109	253
5316	2468
300000	300000
2896	7008
167	575
116177	90119
22427	300000
7822	1175
52728	300000
300000	300000
95	86
123	195
31070	180728
135	192
3614	3879
139	372
2944	6104
273	130
300000	300000
393	198
883	1114
2712	14226
1036	2009
360	238
300000	300000
1499	1829
5500	1052
180	417
472	308
300000	300000
299	123
300000	300000
107	166
165	173
996	1039
7041	46792
246	162
80	104
1643	529
300000	300000
5053	103362
300000	300000
939	6404
300000	300000
300000	300000
193	130
2419	3175
124	174
5204	10270
2481	981
8866	31179
1395	258
4064	19254
141	233
7159	97436
300000	300000
107	297
129	407
13253	68231
264	169
9732	7224
1442	8428
93	105
1886	577
1064	1947
454	390
9450	118297
317	428
308	902
5427	33349
533	343
10854	63923
466	561
300000	300000
181	124
20293	65937
300000	300000
135	151
13687	27624
14196	63842
2973	20390
300000	300000
2002	6392
841	346
310	537
2067	542
12590	24635
3163	49331
339	753
166	393
300000	300000
6224	7136
197	172
4597	1069
3411	21799
888	612
3330	12292
300000	300000
26020	300000
300000	300000
2512	317
90	128
6982	3465
222	198
159	110
300000	300000
1294	7838
300000	300000
1528	3006
37930	300000
87	249
300000	148814
300000	300000
160	177
4241	9975
1095	1188
438	1480
1902	608
21941	300000
300000	300000
232	207
226	258
104	137
11054	28654
300000	300000
260	520
300000	300000
6809	10158
140	2157
482	853
5536	219636
518	277
1290	729
3249	932
3548	4315
404	235
133	583
300000	300000
300000	300000
2933	4179
116	93
300000	300000
300000	300000
240	432
134	144
300000	300000
300000	300000
218	224
736	1592
180	881
32502	300000
179	193
98	135
7859	67698
300000	300000
206	216
211	191
1628	8743
75276	300000
320	405
300000	300000
228532	300000
4916	10377
296	1315
215	195
246	203
2981	324
7137	1925
2347	1344
281147	300000
4317	17934
596	1838
300000	300000
6017	29493
231	313
150	392
300000	300000
300000	300000
201	154
273	603
3909	2056
210	664
26541	142828
298	507
2591	2857
256	812
240	302
300000	300000
1963	956
358	367
300000	300000
153	238
1534	895
1896	922
349	1282
300000	300000
1852	1572
244	132
1253	325
515	1893
561	1356
550	284
100	127
1192	1886
300000	300000
448	727
300000	300000
148	205
300000	300000
5857	121495
300000	300000
12409	107693
254	235
6028	2392
300000	300000
1585	1205
487	923
153	133
8829	63582
7614	104881
6203	1542
107	137
265	1335
539	607
546	475
247764	300000
300000	300000
164	688
4138	37544
1026	305
1092	878
18286	143512
2135	4503
300000	300000
115	134
143	146
300000	300000
151	333
238	476
150	128
300000	300000
229	343
1615	490
148	99
104	111
147	153
904	313
300000	300000
3741	5082
810	1337
739	2267
300000	300000
107	149
177	140
2784	3615
2414	5975
114073	140143
1073	1135
300000	189221
288	667
113	626
3264	3570
648	641
1019	422
688	163
201	359
1098	1597
211	103
190	405
338	283
262	178
700	433
490	117
105	133
679	328
238885	300000
616	1572
14714	21924
121	130
6591	126389
168	1946
1769	179
7258	1331
41494	172495
415	2314
156	145
709	147
237	284
306	471
188	430
93	195
1632	948
3467	9149
124	93
333	167
1835	7809
303	444
1984	297
17282	53629
352	198
453	706
355	551
148	58
99	305
173	277
113	124
76211	300000
191	187
4428	3259
1139	760
433	1085
30786	199630
104	71
10085	5030
546	1102
25190	136491
1067	288
186233	300000
77183	300000
388	359
300000	300000
178	108
167	2860
300000	300000
300000	300000
154	157
203	307
300000	300000
358	359
300000	300000
13502	145189
589	825
18367	54554
109	223
499	539
300000	300000
329	530
12390	145065
965	1009
126	142
25868	300000
270	149
597	1544
2056	1244
8650	3987
13223	261767
144	131
2617	1697
8093	2759
261	289
153	319
37154	300000
294	234
6307	9859
3018	3018
412	936
245	192
300000	300000
2119	378
263	157
262	491
1905	1522
301	107
205	149
134	251
300000	300000
539	321
2473	16004
182	115
300000	300000
357	491
51149	300000
1087	797
300000	300000
1085	1146
196	1200
266	815
2507	1272
144	545
330	581
182	224
372	209
5440	97677
10763	22015
147	408
300000	300000
153	97
6657	26577
165	548
300000	300000
135	190
242	129
264	175
712	409
2812	3784
2555	1812
300000	300000
328	892
300000	300000
138642	300000
161	971
120	220
300000	300000
99590	300000
292	131
125	205
135	170
793	96
432	397
110	137
300000	55300
144	134
149	474
129	141
1385	1901
168	209
300000	222396
45405	22262
4817	79694
170	467
174	121
5071	42853
2388	903
200	606
278	764
105	174
2340	430
37744	118493
52722	138684
3744	1407
879	6494
300000	300000
730	677
15628	261126
5989	6118
1219	2190
378	405
817	508
706	1060
362	408
70031	265974
194	236
170	262
300000	300000
471	464
112	202
232	560
2363	5009
1435	5065
9216	7364
300000	300000
675	1330
300000	300000
30838	5285
300000	300000
307	285
10768	17808
11362	17581
150	300
300000	300000
209	141
89786	300000
234	325
212	146
961	401
1414	2109
300000	300000
106688	8328
273	158
4995	9650
5651	30138
2962	2965
418	1236
1064	250
98	151
300000	300000
1094	1191
279	328
1823	1350
836	4059
420	1646
220	180
3261	20743
334	248
7395	255154
5078	61171
2133	10910
78844	195338
182	149
2024	2686
268	194
2632	24739
143	268
390	188
300000	300000
155	134
210	94
6269	57826
54714	126695
6938	23957
551	146
300000	46491
300000	300000
33072	190934
252	282
987	1337
780	1773
300000	300000
416	1227
300000	300000
113	149
119	83
782	379
395	1059
300000	300000
235	157
7896	20632
1214	581
108657	300000
270	416
134	407
452	216
249	112
300000	300000
31677	283456
4337	5674
130	244
203	200
109276	267754
190	146
300000	300000
272684	300000
1628	4977
123	695
131	201
1597	5114
156	115
300000	300000
180	308
1006	3763
1610	17311
3820	3389
2694	22230
300000	300000
300000	300000
90461	290059
143	151
914	551
300000	300000
236	176
137	152
37306	87286
12413	300000
286	86
463	149
125726	300000
1188	2556
4593	6934
300000	300000
227	88
23929	113241
300000	300000
3953	5918
300000	300000
300000	300000
300000	300000
300000	300000
20411	247012
300000	300000
328	112
35827	300000
10424	54435
199	188
300000	300000
300000	300000
44389	21576
180	385
495	632
99	93
9626	59075
16789	200196
147	1804
300000	300000
180	167
300000	300000
115	134
10302	47573
272	296
307	605
295	469
16017	90561
1415	3258
810	3760
616	276
1460	1800
3814	8112
9318	50368
300000	300000
208	478
122	145
11355	147766
2317	1177
2798	1022
300000	300000
451	269
41311	86134
132	150
1887	1467
61643	300000
284	326
166	149
209	229
4008	46647
1551	2842
17605	300000
812	292
5967	124732
469	145
109	141
220	169
65256	300000
4887	2491
1054	210
300000	300000
267	278
895	3982
176	74
3269	2170
381	262
6256	26321
300000	300000
202335	300000
69031	300000
115913	300000
11787	50200
108	279
300000	300000
13249	3565
362	1109
300000	300000
96	131
97	72
188	175
162	207
155	142
123	149
9631	30232
300000	300000
749	1143
470	830
105	114
2135	1012
2496	1220
2755	22721
2579	2382
103	139
201	193
13496	3489
559	251
2225	1419
430	884
238	204
14000	300000
243	300000
134	161
109	206
3770	1649
928	803
95629	300000
237	531
370	183
193	358
140	186
1058	864
300000	300000
288	482
3559	10345
284	254
5205	156507
300000	300000
210	182
460	6389
1005	943
1066	510
142	190
1409	204
144	221
21220	37061
217	272
300000	300000
3283	17624
12130	3044
24846	300000
20584	47985
3135	662
790	3129
617	224
170	306
10219	36709
8076	229106
1832	542
129	172
92010	300000
3928	3289
298227	300000
2219	4745
300000	300000
240	277
452	531
164	111
1522	309
8826	81580
2838	31139
3166	11523
222	114
2446	2231
300000	300000
4606	49044
204	487
154	166
10356	8916
2292	19481
147	549
28770	138991
110487	300000
300000	300000
300000	300000
300000	300000
158	171
296125	300000
81526	58591
1240	1536
258	119
60353	54524
27316	300000
219	1572
253	950
168	307
1028	5023
844	600
313	1521
8036	111752
1949	300000
5553	55039
300000	300000
296	502
4187	2672
132	98
300000	300000
1964	570
300000	300000
3946	474
16072	300000
2899	914
105	73
6574	5043
91	65
124	102
97	137
162	107
307	193
4642	4832
232	120
300000	300000
300000	300000
1110	5277
300000	300000
300000	300000
391	2370
279823	300000
644	747
1231	1426
135	333
478	450
11879	88987
86622	29700
2718	1436
300000	300000
300000	300000
365	315
205	300
277	704
4869	77551
40286	186923
7708	46936
300000	300000
2629	24109
29213	73384
1354	568
100	184
282	179
225	344
103	129
2184	512
513	547
192	281
697	424
300	704
12862	5188
95575	300000
294	311
146	98
300000	300000
126	82
477	909
64259	54841
25886	139136
10172	126879
300000	300000
13564	300000
549	406
476	309
215	75
245	211
483	1144
142	57
8256	61411
10171	7324
23387	6313
151	187
300000	300000
621	909
130	121
300000	300000
160	220
1167	2587
11744	52160
140	137
1057	553
284	163
404	3189
2287	1171
106	130
246	176
430	350
136	765
131	457
105840	44497
300000	300000
32117	300000
300000	187229
189	467
1507	969
300000	300000
769	6054
300000	300000
237	545
13767	112748
102	83
284	222
306	137
300000	300000
2207	23453
548	1079
239	323
283	145
470	882
1116	1527
106	188
1735	3226
4656	62407
171	194
166	151
220	217
404	923
357	261
300000	300000
300000	300000
289	174
7786	954
74077	300000
563	186
300000	57436
2956	150
300000	300000
21892	300000
246	195
300000	300000
300000	300000
256	174
414	142
199	130
959	716
7529	2126
241342	300000
2580	4203
300000	300000
1914	994
414	690
5672	23147
196	153
300000	300000
5242	48100
908	1058
44328	114408
120	273
1624	1726
192	214
5884	6667
356	240
113031	300000
1672	4191
344	919
335	1632
195	345
202	138
310	325
442	789
123	96
264	221
569	308
825	536
300000	300000
175	76
174	202
281	218
43847	65266
300000	300000
511	413
1691	2218
1325	1272
95149	134990
7490	71938
6382	24776
2581	4436
926	3083
860	728
300000	53054
25488	24809
10476	46425
7493	18504
249	384
112	134
418	826
129888	271995
221	485
660	394
503	135
1997	29382
129	74
158	334
11548	22057
2243	1218
597	589
196	169
784	522
741	488
240	667
148	136
547	1463
300000	300000
150	165
109	86
142	158
148	215
264	155
9501	15479
61889	300000
144	150
246	326
92525	300000
18228	57915
407	101
300000	300000
25803	63373
153	231
253	492
719	1212
30109	300000
243	273
300000	300000
300000	300000
2322	1093
300000	300000
351	1235
143	131
300000	300000
580	265
251457	300000
154	389
4758	1489
581	911
300000	300000
12380	112025
226	516
2526	3378
114	146
312	186
585	867
126186	300000
5569	52542
235	387
172149	163493
279153	300000
4764	3347
327	457
100224	83690
300000	300000
618	294
93235	300000
300000	300000
18059	109698
153	407
146	428
300000	300000
379	983
300000	300000
15872	8258
492	101
300000	300000
1121	1403
88	68
315	344
300000	300000
271	382
300000	300000
4570	9525
5784	3489
432	544
170282	300000
28462	255835
29687	140394
12639	3404
138	178
213	156
102	124
946	2513
1268	524
3296	2824
181	283
38376	300000
165124	300000
58882	61245
1353	1556
122	773
251	456
720	2733
5174	57173
97	205
409	210
216	206
2083	1464
10060	37005
109	710
375	1105
2802	2613
17468	51963
11541	2515
92	73
275	325
129	152
8072	6421
217	151
135	104
170	147
249	138
306	174
930	4756
116	149
96	124
300000	300000
1021	722
300000	300000
300000	300000
300000	300000
300000	300000
2458	142
133826	300000
18028	125006
704	1392
107	309
3588	4596
117	128
1196	4591
134	150
298	253
300000	217717
5075	6601
130	225
795	6127
234	179
167	179
141	225
204	315
12849	55025
114	109
27608	111242
300000	300000
1094	505
300000	300000
300000	300000
300000	300000
45206	132592
9246	93086
300000	300000
1116	1229
99	61
2276	278
1205	3683
108	136
2736	9161
133	166
38034	300000
300000	145765
1175	2957
687	930
154059	166157
117	57
2168	995
223	213
1157	1187
13959	44197
5399	106970
523	610
1630	6702
803	5060
2065	3505
97	407
2749	19863
2548	220705
142	220
3821	5015
27036	116269
310	359
232	190
192	477
300000	300000
300000	43634
173	88
117342	300000
300000	300000
60155	4820
231	483
11654	26041
1462	1399
47754	140515
182136	300000
300000	300000
3801	146848
2545	5373
14543	21330
444	899
258	161
259	185
198	112
151	201
182	281
1493	5310
752	2058
2694	3095
275	179
938	1068
855	329
300000	300000
1300	1323
1270	2821
981	308
181949	300000
62043	300000
87	118
48996	300000
1722	1685
300000	300000
605	1042
2213	3289
401	503
300000	300000
300000	300000
300000	300000
155	727
5177	4259
5682	4227
1490	70175
212	183
206	190
133	573
113	100
1449	3893
124	805
300000	300000
3140	211722
1501	3843
632	2967
4850	4431
19989	17988
300000	300000
2683	21945
213	673
229	95
300000	300000
7069	2987
212	288
105	125
217	382
11555	24462
1184	2746
223473	300000
69928	300000
103	172
78518	300000
300000	300000
449	210
300000	300000
3186	2303
28589	9805
