95608
3493
259
527
824
135
1103
45811
456
108
1617
184
300000
6398
300000
35099
11447
288
973
124
1020
545
107
2499
84806
10753
637
90
531
161
1491
39025
180
300000
300000
300000
302
921
9859
352
223
998
650
182
1040
117
220
163
152
9558
105
24115
23927
7521
454
98
588
508
206
2811
156
300000
114
287
6092
204
162
152
3945
14336
513
108
157
1897
422
300000
102
300000
889
187421
365
3554
300000
142
1138
22598
300000
175
118
166
152
252780
305
101
670
4182
230
468
300000
300000
179
300000
159
2392
129
267
300000
13175
1432
300000
6425
101
107
300000
147
376
97
208
1273
116
300000
271
736
555
193
1407
300000
53346
33059
89
291
101
300000
1119
258
137
23915
300000
1300
12248
178
3486
300000
2048
3787
1096
63226
300000
278777
878
2403
300000
211
512
134
159
226
132
1003
1806
950
311
300000
227
356
684
178
1126
222
126
1703
281
300000
127
153
5642
258
109
121
199
172
25792
112335
3146
566
3350
128
1218
22978
272
123
109
267468
53686
326
134
179
372
300000
811
300000
139
2802
300000
151
271
425
199
9485
228
125
903
5162
1027
25357
5195
917
119
300000
300000
454
28669
126
4342
3561
300000
300000
431
14235
201
350
135
1686
300000
300000
300000
5122
135
165
7521
300000
199
1602
268
104
23378
109
139
67985
362
1152
300000
3671
660
4387
246
7933
192538
4726
322
160891
92
522
332
300000
497
192320
155
122
112
8001
11737
300000
986
300000
199
6826
151
660
306
71174
219
289
51595
322
2345
1009
149
301
483
170
313
300000
169
83
300000
144
153
300000
2561
362
300000
300000
269
185
1519
149
290
124
374
473
1308
112918
151
4311
37080
782
261
90
260
23221
128
106
14177
106
14221
340
195
147
874
119
300000
4704
106
126
5751
958
704
843
2887
1620
224681
3842
4448
141
165
300000
156
5661
300000
1250
1202
24621
251
12956
108
174
300000
259
300000
206
1035
13646
139
300000
6964
60400
305
300000
5270
2821
89316
227277
300000
1894
377
300000
466
83936
6483
300000
300000
127
1072
265
129
157
244
367
300000
4892
199
952
117
6609
300000
2318
376
449
663
5364
234
9594
67431
739
133
1458
537
131
3491
444
11743
370
126
29366
176
11630
300000
300000
300000
577
1538
41799
141
212660
290
340
300000
95
118
325
1234
50142
162
37222
114
588
824
244
300000
298
990
2178
192173
300000
3146
77
109
107
300000
300000
222
91727
1085
4731
224
300000
300000
300000
114
300000
300000
104716
300000
300000
198
3847
158
800
162
228
86202
21662
3315
1126
204
300000
221
300000
16215
300
300000
284
681
300000
142294
300000
180
135
300000
1179
268
43648
289
215
10317
153
115
300000
87290
67
839
15214
95321
2876
253
300000
126
300000
300000
439
1699
1559
300000
248858
968
590
115
167
61973
300000
130
202153
648
6249
193
300000
87
300000
1313
217623
300000
3372
138
5127
300000
3766
76
300000
213
2340
491
3364
235
73053
2464
109
105
13883
1297
13060
751
300000
572
200
127
3270
111886
300000
111
129
300000
266
300000
430
300000
189
152
4939
167
13127
300000
300000
137
8027
4362
27643
300000
113
197
171
337
274
44432
196
148
198
173
208
223
300000
16526
817
50115
140
554
179
300000
311
2434
6315
136
1773
149
823
1183
393
1209
4472
882
2450
155
300000
146
300000
3000
98
1256
300000
137054
6628
363
300000
176
3714
131
7329
300000
300000
135
268
300000
7634
100
1873
207
125
228
79244
8391
774
111
12774
145
5810
52155
105
300000
137
251
1005
7610
110
438
139
106
3126
4732
6025
249
264
161
300000
115
300000
689
2943
134
161093
35978
24575
120064
261
207
300000
4368
63091
854
1216
68
143
1005
2778
103
113
100
151
114
459
5041
99
564
4841
23048
4218
168
300000
128
530
286
2821
234808
380
152
328
905
300000
1382
137
893
300000
300000
71765
119
166
122
205
418
46300
138
130
294
300000
300000
80
300000
300000
8918
2125
1082
300000
243
121
185
213
300000
9714
730
151
300000
300000
300000
2390
152
239
9848
219
205
881
7724
523
300000
300000
267
329
300000
3088
110
107
317
2154
20577
157
1347
281
300000
166
7347
10544
2301
395
182
300000
46922
1759
467
549
111
49263
805
142
1681
91085
540
3802
157
205
300000
300000
132
2688
221
136
167
1056
300000
17279
223432
134
217
17559
775
973
124
213
2474
8123
320
300000
5076
97
202
120
194
7307
4468
93
1913
300000
570
226
92
175
158
744
132
137
940
3280
107
482
30722
924
1027
300000
33369
6788
716
497
27532
18718
300000
118
105
291
5845
410
3236
300000
210
300000
2433
1419
2875
113
300000
24383
484
137
169
21257
168386
126
742
89816
286
271
300000
176
479
300000
356
153
895
2009
18802
1380
253017
787
109624
368
7747
613
300000
3356
300000
184
179
108
589
445
178
300000
27877
9619
141
140
2842
60844
109
2468
300000
2896
167
90119
22427
1175
52728
300000
86
123
31070
135
3614
139
2944
130
300000
198
883
2712
1036
238
300000
1499
1052
180
308
300000
123
300000
107
165
996
7041
162
80
529
300000
5053
300000
939
300000
300000
130
2419
124
5204
981
8866
258
4064
141
7159
300000
107
129
13253
169
7224
1442
93
577
1064
390
9450
317
308
5427
343
10854
466
300000
124
20293
300000
135
13687
14196
2973
300000
2002
346
310
542
12590
3163
339
166
300000
6224
172
1069
3411
612
3330
300000
26020
300000
317
90
3465
198
110
300000
1294
300000
1528
37930
87
148814
300000
160
4241
1095
438
608
21941
300000
207
226
104
11054
300000
260
300000
6809
140
482
5536
277
729
932
3548
235
133
300000
300000
2933
93
300000
300000
240
134
300000
300000
218
736
180
32502
179
98
7859
300000
206
191
1628
75276
320
300000
228532
4916
296
195
203
324
1925
1344
281147
4317
596
300000
6017
231
150
300000
300000
154
273
2056
210
26541
298
2591
256
240
300000
956
358
300000
153
895
922
349
300000
1572
132
325
515
561
284
100
1192
300000
448
300000
148
300000
5857
300000
12409
235
2392
300000
1205
487
133
8829
7614
1542
107
265
539
475
247764
300000
164
4138
305
878
18286
2135
300000
115
143
300000
151
238
128
300000
229
490
99
104
147
313
300000
3741
810
739
300000
107
140
2784
2414
114073
1073
189221
288
113
3264
641
422
163
201
1098
103
190
283
178
433
117
105
328
238885
616
14714
121
6591
168
179
1331
41494
415
145
147
237
306
188
93
948
3467
93
167
1835
303
297
17282
198
453
355
58
99
173
113
76211
187
3259
760
433
30786
71
5030
546
25190
288
186233
77183
359
300000
108
167
300000
300000
154
203
300000
358
300000
13502
589
18367
109
499
300000
329
12390
965
126
25868
149
597
1244
3987
13223
131
1697
2759
261
153
37154
234
6307
3018
412
192
300000
378
157
262
1522
107
149
134
300000
321
2473
115
300000
357
51149
797
300000
1085
196
266
1272
144
330
182
209
5440
10763
147
300000
97
6657
165
300000
135
129
175
409
2812
1812
300000
328
300000
138642
161
120
300000
99590
131
125
135
96
397
110
55300
134
149
129
1385
168
222396
22262
4817
170
121
5071
903
200
278
105
430
37744
52722
1407
879
300000
677
15628
5989
1219
378
508
706
362
70031
194
170
300000
464
112
232
2363
1435
7364
300000
675
300000
5285
300000
285
10768
11362
150
300000
141
89786
234
146
401
1414
300000
8328
158
4995
5651
2962
418
250
98
300000
1094
279
1350
836
420
180
3261
248
7395
5078
2133
78844
149
2024
194
2632
143
188
300000
134
94
6269
54714
6938
146
46491
300000
33072
252
987
780
300000
416
300000
113
83
379
395
300000
157
7896
581
108657
270
134
216
112
300000
31677
4337
130
200
109276
146
300000
272684
1628
123
131
1597
115
300000
180
1006
1610
3389
2694
300000
300000
90461
143
551
300000
176
137
37306
12413
86
149
125726
1188
4593
300000
88
23929
300000
3953
300000
300000
300000
300000
20411
300000
112
35827
10424
188
300000
300000
21576
180
495
93
9626
16789
147
300000
167
300000
115
10302
272
307
295
16017
1415
810
276
1460
3814
9318
300000
208
122
11355
1177
1022
300000
269
41311
132
1467
61643
284
149
209
4008
1551
17605
292
5967
145
109
169
65256
2491
210
300000
267
895
74
2170
262
6256
300000
202335
69031
115913
11787
108
300000
3565
362
300000
96
72
175
162
142
123
9631
300000
749
470
105
1012
1220
2755
2382
103
193
3489
251
1419
430
204
14000
243
134
109
1649
803
95629
237
183
193
140
864
300000
288
3559
254
5205
300000
182
460
943
510
142
204
144
21220
217
300000
3283
3044
24846
20584
662
790
224
170
10219
8076
542
129
92010
3289
298227
2219
300000
240
452
111
309
8826
2838
3166
114
2231
300000
4606
204
154
8916
2292
147
28770
110487
300000
300000
300000
158
296125
58591
1240
119
54524
27316
219
253
168
1028
600
313
8036
1949
5553
300000
296
2672
98
300000
570
300000
474
16072
914
73
5043
65
102
97
107
193
4642
120
300000
300000
1110
300000
300000
391
279823
644
1231
135
450
11879
29700
1436
300000
300000
315
205
277
4869
40286
7708
300000
2629
29213
568
100
179
225
103
512
513
192
424
300
5188
95575
294
98
300000
82
477
54841
25886
10172
300000
13564
406
309
75
211
483
57
8256
7324
6313
151
300000
621
121
300000
160
1167
11744
137
553
163
404
1171
106
176
350
136
131
44497
300000
32117
187229
189
969
300000
769
300000
237
13767
83
222
137
300000
2207
548
239
145
470
1116
106
1735
4656
171
151
217
404
261
300000
300000
174
954
74077
186
57436
150
300000
21892
195
300000
300000
174
142
130
716
2126
241342
2580
300000
994
414
5672
153
300000
5242
908
44328
120
1624
192
5884
240
113031
1672
344
335
195
138
310
442
96
221
308
536
300000
76
174
218
43847
300000
413
1691
1272
95149
7490
6382
2581
926
728
53054
24809
10476
7493
249
112
418
129888
221
394
135
1997
74
158
11548
1218
589
169
522
488
240
136
547
300000
150
86
142
148
155
9501
61889
144
246
92525
18228
101
300000
25803
153
253
719
30109
243
300000
300000
1093
300000
351
131
300000
265
251457
154
1489
581
300000
12380
226
2526
114
186
585
126186
5569
235
163493
279153
3347
327
83690
300000
294
93235
300000
18059
153
146
300000
379
300000
8258
101
300000
1121
68
315
300000
271
300000
4570
3489
432
170282
28462
29687
3404
138
156
102
946
524
2824
181
38376
165124
58882
1353
122
251
720
5174
97
210
206
1464
10060
109
375
2613
17468
2515
73
275
129
6421
151
104
147
138
174
930
116
96
300000
722
300000
300000
300000
300000
142
133826
18028
704
107
3588
117
1196
134
253
217717
5075
130
795
179
167
141
204
12849
109
27608
300000
505
300000
300000
300000
45206
9246
300000
1116
61
278
1205
108
2736
133
38034
145765
1175
687
154059
57
995
213
1157
13959
5399
523
1630
803
2065
97
2749
2548
142
3821
27036
310
190
192
300000
43634
88
117342
300000
4820
231
11654
1399
47754
182136
300000
3801
2545
14543
444
161
185
112
151
182
1493
752
2694
179
938
329
300000
1300
1270
308
181949
62043
87
48996
1685
300000
605
2213
401
300000
300000
300000
155
4259
4227
1490
183
190
133
100
1449
124
300000
3140
1501
632
4431
17988
300000
2683
213
95
300000
2987
212
105
217
11555
1184
223473
69928
103
78518
300000
210
300000
2303
9805
